#Pesos entrada capa oculta 1
DATA1
  -14.83074105225244,-1.792436362824467,2.576039511722595,-3.428546199147024,6.643426443266871,4.433947487020029,-1.387725084819655,16.77606637729244
 5.695287549920489,-3.536933176515858,-2.645959746282132,1.095982498181994,0.1401955916330578,-9.144238500975993,-0.9049470464939375,-3.656800306793038
 14.39474568219551,-14.89238678612051,-48.211076651371,-50.419959947631,24.85375917401619,-40.85945406956709,-24.44047023762564,-17.46653618156132
 -1.104888290203568,0.790082945733896,0.6421749645303182,-0.8821877929622629,-0.606305487887927,0.9747410173367903,1.121074415146037,1.564403957685765
 3.316409675494914,-20.79213382969503,-4.277724557245532,0.1514689174028975,1.472436230937986,-9.887984594408607,-4.020122335123485,-22.84055005926463
 1.034296019820028,-4.982263612003495,0.5320279839489258,-1.801157702023919,1.732584875272929,1.509197832743055,1.16040291063297,4.090319042870388
 -32.57604428286882,10.42419526993456,-2.683751840678322,-1.806923444508246,-23.71406429874711,22.64086797124953,-14.82397244271982,-17.79307519103806


#Pesos capa oculta 1 capa oculta 2
DATA2
 -9.680218845010346,-21.58771963752297,16.00375352594132,-33.42608254175964,1.050141773351553,-5.696951622586449,24.26948076547841
 -8.828913589336096,-35.6519632419933,-16.21197763211205,32.34466005190738,50.30949294951274,-19.04193370700697,-25.61113319824959
 -16.7381631906618,52.08112790983619,21.00125674434208,-2.379853662894505,-40.00060971626702,34.6625427957852,26.79673037056213
 -15.15159219580878,27.74013878914715,-20.0487844103926,41.151774978643,66.94422335340367,-23.75070642810002,-35.9669448055764
 26.47440812694127,62.01100632865568,13.87275085767144,23.92825404967966,-37.08887815685221,17.82483133251583,13.68935928939735
 -11.67021977485821,42.6376270303342,14.45712171025973,11.86563330507176,-1.346824772107879,24.8734786595295,15.22946527154898
 5.647326178613474,69.37043575398879,-31.79214328439424,67.14986098623477,7.530284879344156,18.33616330573529,-19.76691958003798
 2.546622935103096,21.58768958937274,17.41584158696451,-7.593618212403096,-16.86830562525129,5.036213399278043,3.567296264854225
 -0.9120725083061721,43.44002720103841,-23.53028747344879,27.59801574130325,58.18201494344684,-27.31383902183103,-33.56431644757524
 -23.86116476591824,6.395116449260981,-2.788239269185487,-0.5057618697318542,12.01610505206578,0.5821145884043659,1.119086709074665
 -5.183606352295326,-32.53565099437706,4.115185377531559,3.444034913116974,-5.04116837632623,2.363742944474496,6.203363423307146
 -2.226918039377375,-14.30705973079457,-17.71746330448671,7.856668517243895,20.59750552778544,-4.999463604436276,-6.439047507584844
 11.27421845955081,34.58522697424326,-5.622038818560064,-1.300339541064808,8.206128233060557,-8.7300527589026,-9.81935844098315

#Pesos capa oculta 2 capa salida
DATA3
-1.877543282753807,1.647771514615265,-0.01274794529095679,-2.87089490196455,-0.01525373238869531,0.07978378353055031,-1.616033596583222,3.174540652427778,0.01520649692356048,1.251954333499761,-1.596930709169362,3.108544758899905,0.00582899999525249
 -0.08163356016701624,-0.09025090974238689,1.162716967752303,-0.08420287055499291,0.00445406523686483,-12.81333683332644,-0.06294419458943347,0.9353069235803341,1.246984776319606,-0.9713211468119829,-0.8288544604224342,0.9964296166402031,-2.02342807330707
 0.05442113489914222,-1.235161203219563,-0.01641476612597017,1.137898604555595,1.202340575081244,-0.009973890955656546,0.06800672550673183,0.1946985891741241,0.0857728146829892,1.230475339780095,1.47873543415636,0.1660148054774529,0.03347653647927674
1.904755708021679,-0.3223594016533153,-1.133554256335376,1.817199167963947,-1.191540907929411,12.74352694075145,1.610971065665923,-4.304546165182225,-1.347964087926156,-1.511108526467869,0.9470497354354225,-4.27098918101755,1.984122536832525



#Bias capa oculta 1
DATA4
-24.56567187384072, -10.760717624935, -10.66184383553113, 0.5505161993961186, 40.91950312519226, -3.509704056464334, 16.08265190908727

#Bias capa oculta 2
DATA5
-16.60544809525308, -33.23383364203204, 0.01795011779150333, -42.41071895147679, -15.86170509601594, -7.179750127582389, 1.140383558966231, 12.6435276888358, -25.76169506787902, -6.171272253589255, 8.467153698027765, -14.00521358301913, -8.605653404754952


#Bias capa de salida
DATA6
-0.01529214768495663, 12.60424872093772, -2.918245291060145, -8.670711282192523



#Datos de medias
DATA7
0.24493916750766043, 381.0625, 2.859666620906793, 0.45954026490911637, 74.33468650499992, 0.43886155582922803, 0.9572903082011051, 2.075



#Datos de desviación
DATA8
0.1393276749721209, 383.6338144555951, 0.6608559068028051, 0.30572312234873067, 31.56477756870111, 0.24748991309586788, 0.2272897307853684, 2.643742612282822